0.472142 3.08276e-06
1.03886
1.06969
0.802517
0.534345
0.565172
0.596
0.328828
0.359655
0.390483
0.42131
0.154138
0.184966
0.215793
0.246621
0.277448
0.308276
0.0411034
0.071931
0.102759
0.133586
0.164414
0.195241
0.226069
0.256897
0.287724
0.318552
0.349379
0.380207
0.113034
0.143862
0.17469
0.205517
0.236345
0.0308276
0
0.267172
0.236345
0.205517
0.17469
0.143862
0.113034
0.0822069
0.349379
0.318552
0.287724
0.256897
0.226069
0.195241
0.164414
0.133586
0.102759
0.071931
0.0411034
0.0102759
0.0205517
0.246621
0.215793
0.184966
0.154138
0.12331
0.0924828
0.0616552
0.0308276
0
0.267172
0.236345
0.205517
0.17469
0.143862
0.113034
0.0822069
0.0513793
0.0205517
0.287724
0.256897
0.226069
0.195241
0.164414
0.431586
0.400759
0.369931
0.339103
0.308276
0.277448
0.246621
0.215793
0.184966
0.154138
0.42131
0.390483
0.359655
0.328828
0.298
0.267172
0.236345
0.205517
0.17469
0.143862
0.113034
0.0822069
0.0513793
0.0205517
0.0102759
0.0411034
0.071931
0.102759
0.164414
0.133586
0.102759
0.071931
0.0411034
0.0102759
0.0205517
0.0513793
0.0822069
0.113034
0.143862
0.17469
0.205517
0.236345
0.267172
0.298
0.0308276
0.0616552
0.0924828
0.12331
0.154138
0.184966
0.215793
0.246621
0.277448
0.308276
0.339103
0.369931
0.102759
0.133586
0.164414
0.102759
0.071931
0.0411034
0.0102759
0.0205517
0.0513793
0.0822069
0.113034
0.143862
0.17469
0.0924828
0.0616552
0.0308276
2.22266e-12
0.0308276
0.0616552
0.0924828
0.12331
0.154138
0.184966
0.215793
0.246621
0.277448
0.308276
0.339103
0.369931
0.102759
0.133586
0.164414
0.195241
0.226069
0.256897
0.287724
0.318552
0.349379
0.0822069
0.113034
0.143862
0.17469
0.205517
0.236345
0.0308276
2.64953e-12
0.0308276
0.236345
0.205517
0.17469
0.143862
0.411034
0.380207
0.349379
0.318552
0.287724
0.256897
0.524069
0.493241
0.462414
0.431586
0.698759
0.667931
0.935103
1.50028
1.76745
