0.503102 5.43471e-06
0.702876
0.757224
0.811571
0.865918
0.324265
0.0806118
0.134959
0.189306
0.0543471
2.22045e-12
0.0543471
0.108694
0.163041
0.217388
0.271735
0.0280824
0.0824294
0.136776
0.191124
0.245471
0.00181765
0.0561647
0.110512
0.164859
0.0787941
0.0244471
0.0299
0.0842471
0.159406
0.105059
0.0507118
0.00363529
0.0579824
0.112329
0.131324
0.0769765
0.0226294
0.0317176
0.0860647
0.157588
0.402241
0.347894
0.293547
0.2392
0.184853
0.130506
0.0761588
0.319812
0.265465
0.211118
0.156771
0.102424
0.0480765
0.00627059
0.237382
0.183035
0.128688
0.0743412
0.0199941
0.0343529
0.0887
0.143047
0.197394
0.0462588
0.00808824
0.0624353
0.116782
0.171129
0.225476
0.279824
0.334171
0.0905176
0.144865
0.199212
0.0444412
0.00990588
0.0642529
0.1186
0.125053
0.0707059
0.0163588
0.0379882
0.0923353
0.146682
0.201029
0.255376
0.0117235
0.0660706
0.120418
0.174765
0.0688882
0.0145412
0.258194
0.203847
0.1495
0.0951529
0.338806
0.284459
0.230112
0.175765
0.121418
0.0670706
0.0127235
0.256376
0.202029
0.147682
0.0933353
0.0389882
0.0153588
0.0697059
0.173947
0.1196
0.0652529
0.0109059
0.254559
0.200212
0.145865
0.0915176
0.335171
0.280824
0.524476
0.470129
0.415782
0.361435
0.307088
0.550741
0.496394
0.442047
0.3877
0.333353
0.279006
0.522659
0.468312
0.413965
0.359618
0.305271
0.250924
0.196576
0.142229
0.0878824
0.331535
0.277188
0.222841
0.168494
0.114147
0.0598
0.00545294
0.249106
0.194759
0.140412
0.0860647
0.0317176
0.0226294
0.0769765
0.131324
0.112329
0.0579824
0.00363529
0.0507118
0.105059
0.159406
0.213753
0.2681
0.322447
0.376794
0.133141
0.187488
0.241835
0.00181765
0.0525294
0.106876
0.161224
0.215571
0.269918
0.324265
0.0806118
0.134959
0.189306
0.243653
8.83177e-13
0.0543471
0.108694
0.163041
0.217388
0.271735
0.326082
0.380429
0.434776
0.489124
0.543471
0.299818
0.354165
0.408512
0.164859
0.219206
0.273553
0.0299
0.0842471
0.457406
0.701059
